000000000000000000000000
000000011111000000000000
000000011111000000000000
000000011111000000000000
000000011111000000000000
000000011111000000000000
000000011111000000000000
000000011111000000000000
000000011111000000000000
000000011111000000000000
000111111111111000000000
000111111111111000000000
000000000000000000000000
000000000000000000000000
000000000000000000000000
000000000000000000000000
000000000000000000000000
000000000000000000000000
000000000000000000000000
000000000000000000000000
000000000000000000000000
000000000000000000000000
000000000000000000000000
000000000000000000000000
