000000000000000000000000
000000000100000000000000
000000000100000000000000
000000000100000000000000
000000000100000000000000
000000000100000000000000
000000000100000000000000
000000000100000000000000
000000000100000000000000
000000000100000000000000
000000000100000000000000
000011111111111111000000
000010000000000001000010
000010000000000001000010
011110000000000011111111
001010000000000010000100
001010000000000010000100
000011110000100010010000
000011000000100011110000
000001000000111110000000
000000000000100000000000
000000000000100000000000
000000000000000000000000
000000000000000000000000
