000000000000000000000000
000000011111000000000000
000000011111000000000000
000000011111000000000000
000000011111000000000000
000000011111000000000000
000000011111000000000000
000000011111000000000000
000000011111000000000000
000000011111000000000000
000111111111111111100000
000111111111111111100000
000110000000000111100010
000110000000000111100010
011110000000000111111111
001010000000000110000100
001010000000000110000100
000011110000100110010000
000011000000100111110000
000001000000111110000000
000000000000100000000000
000000000000100000000000
000000000000000000000000
000000000000000000000000
